222122222221222222222222222222222222222222
222222222222222222222222222222222222222222
222222222222222222222222222222222222222222
222222221122101111222222222222222222222222
222222211011000001111112222222222222222222
222222100000000000000111111122222222222222
222222200000000001101111111122222222222222
222222100000000000000000111122222222222222
222222100000000000000000011222222222222222
222222100000000111100111122222222222222222
222222210000000111111122222222222222222222
222212221000001111111111122122222222222222
222221122111101111111121112222222222222222
222221122222211111222222212222222222222222
222221222222211111122222212222222222222222
222222222222001011122222111122222222222222
001122222220000001112222111222222222222222
100011221100000000111122222222222222222222
210000011000000000122222211122222222222222
000000000000000000122222200012222222222222
100000000000000000012222200011122222222222
